,Interaction,hintCount,TotalTime,TotalPSTime,TotalWETime,avgstepTime,avgstepTimePS,stepTimeDeviation,englishSymbolicSwitchCount,UseCount,PrepCount,MorphCount,OptionalCount,InterfaceErrorCount,RightApp,WrongApp,WrongSemanticsApp,WrongSyntaxApp,PrightAppRatio,RrightAppRatio,F1Score,FDActionCount,BDActionCount,DirectProofActionCount,InDirectProofActionCount,actionCount,UseWindowInfo,NonPSelements,AppCount,AppRatio,hintRatio,BlankRatio,HoverHintCount,SystemInfoHintCount,NextStepClickCountWE,PreviousStepClickCountWE,deletedApp,ruleScoreMP,ruleScoreDS,ruleScoreSIMP,ruleScoreMT,ruleScoreADD,ruleScoreCONJ,ruleScoreHS,ruleScoreCD,ruleScoreDN,ruleScoreDEM,ruleScoreIMPL,ruleScoreCONTRA,ruleScoreEQUIV,ruleScoreCOM,ruleScoreASSOC,ruleScoreDIST,ruleScoreABS,ruleScoreEXP,ruleScoreTAUT,cumul_Interaction,cumul_hintCount,cumul_TotalTime,cumul_TotalPSTime,cumul_TotalWETime,cumul_avgstepTime,cumul_avgstepTimeWE,cumul_avgstepTimePS,cumul_symbolicRepresentationCount,cumul_englishSymbolicSwitchCount,cumul_UseCount,cumul_PrepCount,cumul_MorphCount,cumul_OptionalCount,cumul_InterfaceErrorCount,cumul_RightApp,cumul_WrongApp,cumul_WrongSemanticsApp,cumul_WrongSyntaxApp,cumul_PrightAppRatio,cumul_RrightAppRatio,cumul_F1Score,cumul_FDActionCount,cumul_BDActionCount,cumul_DirectProofActionCount,cumul_InDirectProofActionCount,cumul_actionCount,cumul_UseWindowInfo,cumul_NonPSelements,cumul_AppCount,cumul_AppRatio,cumul_hintRatio,cumul_BlankRatio,cumul_HoverHintCount,cumul_SystemInfoHintCount,cumul_NextStepClickCountWE,cumul_PreviousStepClickCountWE,cumul_deletedApp,CurrPro_avgProbTime,CurrPro_avgProbTimePS,CurrPro_avgProbTimeDeviationPS,CurrPro_avgProbTimeWE,CurrPro_avgProbTimeDeviationWE,CurrPro_medianProbTime
Interaction,1.0,0.307607695859,0.78975698931,0.7940094336,-0.182479445279,0.036976560844,0.019700247066,-0.0108660327506,0.286151519732,0.782060876321,0.785233344424,0.872816967683,0.658867553686,0.828587473063,0.859597803422,0.851448686409,0.818669946217,0.720659708137,-0.165658273585,0.845292854751,-0.335824985987,0.993908165798,0.195341288841,0.916771480204,0.53754287219,0.994491355264,0.129040498597,0.300586040444,0.990066634483,0.366896622156,-0.00880633243867,-0.366896622156,0.640851873007,0.168622752434,-0.309072912015,-0.0557111208159,0.720113693948,-0.0950053181235,-0.127068197001,-0.0866610651333,-0.112850440212,-0.03702479298,-0.0370174360462,-0.0265695202896,0.00456561472102,0.0308405770315,0.0297115048478,0.00551391143937,0.147844554607,0.011651545012,0.0966135366645,0.036478938351,0.0272516028529,0.0246654502804,0.123107758069,0.0516553802775,0.503563897598,0.150608341475,0.415339427631,0.421860204732,0.0108722479788,0.0122263964161,-0.0062141486808,-0.0166608000978,0.0285903171095,0.200461779714,0.37732875885,0.382555665469,0.435581986226,0.33941421999,0.436614538717,0.420274720007,0.409119839157,0.406268271276,0.349886123263,-0.181421983681,0.562172180227,-0.18545288086,0.497529292039,0.12197505717,0.457962901099,0.284359543117,0.498016407283,0.0818074207397,0.212371161252,0.504671910259,0.303574717069,-0.0188286420364,-0.303574717068,0.390400959859,0.106345641726,-0.0314302636479,0.0562144354649,0.401280089846,0.239973249261,0.251140587176,0.202604814163,-0.0861606528669,-0.0774801863997,0.202471074314
hintCount,0.307607695859,1.0,0.293708544176,0.299823672132,-0.112982763516,0.0235292910108,0.0151422726482,0.0236928312631,0.140288906352,0.202575253429,0.279612126857,0.22070709337,0.156900256248,0.258695400538,0.238286916335,0.232717730178,0.276480644385,0.156809607265,-0.0275482299294,0.261530114317,-0.123805074816,0.303182296472,0.164650871745,0.324355429138,0.07069144903,0.305586619962,0.106803465566,0.634492671779,0.257583085965,0.0817415834506,0.533317609751,-0.0817415834506,0.151672667397,0.15974902113,-0.181778969846,-0.0367719665331,0.177435458319,-0.122880436112,-0.0659186706756,-0.149829248926,-0.0857355949803,-0.0234241299498,-0.100012029264,-0.111232231246,-0.0284929449,-0.0732813151378,-0.0938661254567,-0.100176472111,-0.0228379304528,0.0172014524437,-0.0490404583946,-0.0147343403245,0.00311892990534,0.00568037699954,0.00908035628571,-0.0115558545198,0.115218578262,0.453316380195,0.127052034665,0.131614797102,-0.0304733399451,0.0152771894377,0.00772289690595,0.00300325850938,-0.0151772996613,0.116161232337,0.0640864725293,0.0950631649313,0.0754777088647,0.0636790486915,0.107309443933,0.0663200637241,0.0847204730111,0.109501367684,0.0549108769579,-0.0453383523755,0.196875443682,-0.0751138098308,0.111123845868,0.0911679516804,0.126200827766,0.0085857333722,0.112315410033,0.0675081314008,0.278663382207,0.0906635223328,0.0488395654013,0.476426537546,-0.0488395654011,0.0805165704234,0.10663594714,-0.120010246215,0.0373536151341,0.0660197259211,0.0430489093872,0.022625595696,0.0966071016956,0.129536522894,0.162441335458,-0.0599514195661
TotalTime,0.78975698931,0.293708544176,1.0,0.993941853289,-0.143238291657,0.235635656748,0.23615474224,0.164254345684,0.280948381569,0.542291438681,0.621395186556,0.701313121629,0.471629755977,0.637356162232,0.734457199762,0.599083216487,0.707102658658,0.407207386855,-0.129088570728,0.710858595667,-0.265999444129,0.790514141569,0.115588625756,0.724070048659,0.436644632776,0.790135046295,0.126751606166,0.286760328234,0.78249476889,0.336852419854,-0.00294964669025,-0.336852419854,0.557195123969,0.179996493016,-0.288599280347,-0.0542684903289,0.561928393005,-0.0900323511588,-0.103133475597,-0.0654789502416,-0.0792236335434,-0.0386131264973,-0.0341745436585,-0.0407448111375,-0.00042232187975,-0.0211642261038,-0.0125807189331,-0.0221266448652,0.0525436847216,-0.00330117874349,0.0149030823394,0.0256895603144,0.050785724739,0.013037699308,0.0333444529957,0.0374037553513,0.376329371414,0.118866396697,0.52377988138,0.523186859203,0.108522438531,0.208486268378,0.103944863085,0.200226727977,-0.00310237589989,0.200227391071,0.244993141157,0.293784829602,0.333416425779,0.222188040265,0.313799479681,0.349876837671,0.269859051363,0.344546144581,0.177843705507,-0.137697312426,0.474861261769,-0.124234097358,0.375363855425,0.0660748415804,0.336977575311,0.233991762854,0.37529181789,0.0957248559529,0.186071929916,0.37769517571,0.273940774964,-0.0138095776355,-0.273940774964,0.314052364351,0.115780479351,-0.0291205204554,0.0446347352218,0.299025722566,0.266105865533,0.269140847725,0.247112539257,-0.0318382379232,-0.0198921184629,0.195615452729
TotalPSTime,0.7940094336,0.299823672132,0.993941853289,1.0,-0.217312588788,0.199201224936,0.233699211073,0.163407314201,0.270625106458,0.553385549897,0.63267931079,0.706741495535,0.472177866874,0.6395991598,0.749636467738,0.603243756561,0.711437504923,0.410474048915,-0.09734237832,0.724775968408,-0.259176943783,0.795391390754,0.116430173568,0.72933279857,0.437583479237,0.795012677487,0.119028310172,0.255779453702,0.790143087863,0.381743844265,0.00762161367484,-0.381743844265,0.557543689023,0.169473602667,-0.343426749608,-0.0921587935135,0.563638543373,-0.0876913403458,-0.100255392213,-0.0623845084514,-0.0764036844895,-0.0372639528918,-0.0316564307076,-0.0392171897381,-0.00078123976146,-0.0199197625604,-0.0117271224164,-0.0205498733563,0.0511350092635,-0.00302996173597,0.0151119222313,0.0252715280536,0.0504304303089,0.0129944999641,0.0325175490767,0.0370495616938,0.388499204546,0.128173445197,0.527311597832,0.533232465213,0.0739794263243,0.178100629325,0.073690876313,0.192700036078,0.0111807787034,0.195662480004,0.257830716259,0.306251219237,0.34517123894,0.227868729578,0.322680768606,0.367225086283,0.279074106206,0.354201832659,0.18537547876,-0.117934999744,0.484877584858,-0.117418537857,0.387953013251,0.0669271360722,0.349780531936,0.238136527106,0.387855460099,0.092198799674,0.192160522258,0.390353375095,0.306527742227,-0.00770369930186,-0.306527742226,0.317050473015,0.107685280169,-0.0375151155967,0.029242032927,0.306074677568,0.259107933178,0.267063162899,0.23215272332,-0.0686744719463,-0.0563584455067,0.198135811427
TotalWETime,-0.182479445279,-0.112982763516,-0.143238291657,-0.217312588788,1.0,0.413697707236,-0.0146800134469,0.0142401401367,0.0621757398812,-0.21097767113,-0.215883268438,-0.176745968593,-0.0945856122089,-0.13615898635,-0.271212186486,-0.153562857944,-0.167199515873,-0.115083420854,-0.286615527667,-0.255195115852,-0.00298108011959,-0.188027302961,-0.0366540442166,-0.184130195447,-0.0779816681023,-0.188131261107,0.0702099065879,0.264490559344,-0.21494296507,-0.498759382832,-0.103574219667,0.498759382832,-0.104938218312,0.0724008059687,0.606943808343,0.3297850222,-0.119155215803,-0.00894186203583,-0.00389797478697,-0.00760719646599,-0.00663232144576,-0.00459768216815,-0.00655194252328,-0.00330033841007,-0.00198902846872,-0.00271794944926,-0.00166001378512,-0.00224067414916,0.00335360698743,-0.000164301352487,-0.00338378518802,0.000528097614828,-0.00229285774164,-0.00117764218299,-0.00161197921505,-0.000727607389602,-0.190547458512,-0.127087713675,-0.160251567168,-0.187673165539,0.436259495617,0.342428506991,0.374988479331,0.0626894828175,-0.143062211658,0.00764747901663,-0.176028922001,-0.174458663365,-0.166055106988,-0.100981247083,-0.153114883703,-0.22522634086,-0.141641897827,-0.150414049592,-0.114386215858,-0.160020877549,-0.167248050801,-0.0131113971845,-0.192538160104,-0.0347445058644,-0.193287002917,-0.0705291607102,-0.192515644882,0.019339907159,-0.0915394672149,-0.19414089244,-0.381088588444,-0.0806741350277,0.381088588444,-0.0974778877321,0.0267694120084,0.108893477166,0.101857348319,-0.127139734879,0.0263967349454,-0.0228058841264,0.103334831698,0.375056152408,0.369695037599,-0.0484074588389
avgstepTime,0.036976560844,0.0235292910108,0.235635656748,0.199201224936,0.413697707236,1.0,0.621860174753,0.434915718746,0.056772215451,0.0167105183186,0.0458675785565,0.0516816149348,0.0319804867704,0.0131047417037,0.0516556782726,0.033249102046,0.0679058751854,0.000766985070534,-0.0526033955435,0.0596156563388,-0.0211937775695,0.0403626901894,0.020941676348,0.0449336828689,0.0054759153081,0.0406620464563,0.0332703720385,0.0123992401987,0.0404717453302,0.0837487103927,-0.0219212218732,-0.0837487103927,0.00817163614327,0.0616058032185,-0.0606244103409,-0.008147953859,0.0379937930037,-0.0473973250054,-0.0189335115049,-0.0663170079875,0.00617370278319,-0.0741732048438,-0.0616111739315,-0.0512111213146,-0.00556674571269,-0.100372590813,-0.0769234909,-0.0682726095476,-0.0947671264727,-0.0179570991229,-0.0632208628142,-0.0155022766209,-0.010452053759,-0.0195000417175,-0.034567680317,-0.0114108465474,-0.00691995173758,-0.0320463258563,0.169298352341,0.148868830767,0.383313726626,0.764256962611,0.568140106622,0.536617543176,-0.049417242958,0.081430343117,-0.0148930279755,0.0245509966109,0.00589490471593,-0.00905754902842,-0.0232071718266,0.0136459329751,-0.00411801844848,0.0365281786166,-0.0316074610262,-0.00521062272332,0.0553449656303,0.00891494472706,-0.00312906929798,0.0118319526911,-0.00777655092592,0.0106756401562,-0.00291872758471,0.0373431261648,-0.0137251863298,-0.00170556656802,0.0700396880116,-0.0139575722316,-0.0700396880116,-0.00594934882866,0.0842631342326,-0.0540341214319,0.00736741789806,0.000951011190491,0.154534662483,0.14151371837,0.180361416227,0.0911053721021,0.0982374325176,0.083549807064
avgstepTimePS,0.019700247066,0.0151422726482,0.23615474224,0.233699211073,-0.0146800134469,0.621860174753,1.0,0.435934808603,0.0590035842252,-0.00722165454357,0.029694967842,0.0439250087713,0.0302010822602,-0.0101147320866,0.0291426242301,0.0234617264946,0.0667942824621,-0.0138387228315,-0.0386257365711,0.041631869774,-0.0318770111293,0.0241483382295,0.0237290178385,0.0308611532202,-0.00492353712512,0.0245647784499,0.0400680208308,0.0308082293569,0.0224436045858,0.0200167893671,-0.0446564329462,-0.0200167893671,-0.00357191936361,0.0666725797502,-0.0154366692222,-0.00211938895948,0.0342205541857,-0.0640403101736,-0.0266688688066,-0.0911788561756,0.00654208233943,-0.0997629991695,-0.0843849600239,-0.0686653557359,-0.00675403612321,-0.134572446668,-0.10236323533,-0.0920744408249,-0.125879272578,-0.023735107833,-0.0851941559415,-0.0206862295525,-0.014787588777,-0.026433652742,-0.0457867939866,-0.0157155164103,-0.0483968349829,-0.057267119316,0.147090068546,0.140951226932,0.142071618887,0.453231739751,0.177307644726,0.622302685508,-0.0803476854939,0.0783421225043,-0.053368256355,-0.00687834496027,-0.0262292118128,-0.0274565239822,-0.0668931807105,-0.0256916627624,-0.0349164283195,0.0112704011995,-0.0616295072409,0.00480703769889,0.0299409512353,0.0103477838964,-0.0431837580321,0.00744814200942,-0.047116944589,-0.00597072265244,-0.0429205557383,0.0436425963566,-0.0316435712711,-0.0421556723374,-0.00558752891552,-0.0120886963474,0.00558752891558,-0.0241284503405,0.0857822353668,-0.0141772159458,0.0194573144219,-0.0191341375578,0.114787351114,0.100636691605,0.150610001456,0.10025310667,0.102191603393,0.0418517588619
stepTimeDeviation,-0.0108660327506,0.0236928312631,0.164254345684,0.163407314201,0.0142401401367,0.434915718746,0.435934808603,1.0,-0.0017737767988,-0.0020490682744,0.0191781157179,0.00699186140677,0.00598456991279,-0.02694891043,0.00915178103336,0.00608318885579,0.0328596720362,-0.0154265819831,0.0459661002452,0.0223145868494,0.0259841822351,-0.0071718637251,0.0151182131549,0.00298568533876,-0.0242433596068,-0.00682582916618,0.00750034278481,-0.0214742457686,-0.00512535624415,0.079433288278,0.016795716531,-0.079433288278,-0.0386962217998,0.0120893534537,-0.0602191238533,-0.0877104348466,0.0161943813081,-0.0565747448302,-0.0347211141724,-0.0679405883421,0.0273095932141,-0.0814157709884,-0.0979224810708,-0.062432079836,-0.0110088550891,-0.135247705512,-0.109743325701,-0.103458363414,-0.122844522955,-0.03314255724,-0.0799430042263,-0.0220275315794,-0.0324836639952,-0.0330136092111,-0.0231193118022,-0.012492319351,-0.0184906523464,-0.00994029303305,0.184501675277,0.180303796934,0.166282514418,0.519231277044,0.272088980597,0.599789900214,-0.053496232647,0.0434011579167,-0.0123024622418,0.0386515169485,-0.00587577235653,-0.00286330255843,-0.0317101870906,0.0150864766699,-0.00433149451154,0.0287027999279,-0.026525619909,0.0733126419798,0.0515050708986,0.048732011008,-0.0149392140027,0.00929417210403,-0.00427279220629,-0.0308954840261,-0.0147343779237,0.0249067722145,-0.0128001014457,-0.0142774548659,0.0835071315637,0.0218716858227,-0.0835071315639,-0.0501498753409,0.0512286092616,-0.0154766608194,-0.0489722695296,0.00266711505108,0.0253145929722,0.0240297554622,0.044382600955,0.000475530394609,-0.00177227490258,-0.0198668071398
englishSymbolicSwitchCount,0.286151519732,0.140288906352,0.280948381569,0.270625106458,0.0621757398812,0.056772215451,0.0590035842252,-0.0017737767988,1.0,0.178803140535,0.287349385939,0.194018256591,0.246606947509,0.340804475918,0.166196183091,0.270190961639,0.295378094015,0.201577824211,-0.116187288324,0.205564966191,-0.139332568768,0.264062167586,0.0959635198987,0.267396930109,0.0924388345989,0.265150901595,0.258447363474,0.311437105461,0.24407092889,0.0361137222132,0.0174763603675,-0.0361137222132,0.168188677795,0.354435374534,-0.0359979117228,0.0859930413972,0.10190557032,-0.0990082784868,-0.0913090962732,-0.162779099729,-0.0905133800485,-0.0848336092991,-0.100733730424,-0.0912861018848,-0.0243801176213,-0.0744824460266,-0.0602535604694,-0.0833209204747,-0.00803945877011,-0.0287434802457,-0.00675772058108,-0.0276880039224,0.01731665299,-0.010399231815,0.0168509810482,-0.006947963623,0.0965704082548,0.0455134799887,0.105258290342,0.102235672361,0.0453881185592,0.0488917621076,-0.00062757062667,0.0513346832655,-0.0706896406574,0.568667750079,0.0494877296146,0.0955868252507,0.0522868019852,0.0929994403013,0.140851240806,0.0303400405155,0.0897694741334,0.109581547001,0.0626403102943,-0.116605179438,0.137633504646,-0.0914413822432,0.0843688496912,0.0427412801019,0.0858889774452,0.0293213549024,0.0848250624201,0.148420235105,0.106156437602,0.0789371899652,0.00906234102289,0.022964261593,-0.00906234102243,0.0836064599311,0.200390288679,-0.0447155929536,0.0780778524065,0.0270522924028,0.140971376146,0.12189171515,0.163702067641,0.136066507247,0.148273653158,0.0923617004856
UseCount,0.782060876321,0.202575253429,0.542291438681,0.553385549897,-0.21097767113,0.0167105183186,-0.00722165454357,-0.0020490682744,0.178803140535,1.0,0.700780069195,0.620531558155,0.587546596563,0.560813413873,0.652463481872,0.881990794951,0.724909558663,0.84030193298,-0.0972385106444,0.657356645059,-0.277453119617,0.794992407189,0.142012710735,0.78838487631,0.307137874273,0.79515724567,0.0618378000304,0.104037978459,0.803346370099,0.386925464587,-0.0210152828871,-0.386925464587,0.338733041729,0.0878972586576,-0.332447435336,-0.0893982145879,0.561118209383,-0.126187319271,-0.118076575484,-0.0971041331977,-0.101936528368,-0.0492936846686,-0.0427200389892,-0.0585510432538,0.0278737563755,-0.0198992722524,-0.0335541958203,-0.0553123975849,0.120461312829,-0.0147153122332,0.11728309392,0.00660051204276,0.00383348958887,0.00770026914316,0.0316034626544,0.00893597059532,0.429165419314,0.135508230904,0.3161562647,0.322366426122,0.00192743270028,0.00509201272079,0.010340195318,-0.0279809107582,0.0580833689715,0.149016642066,0.533880905283,0.382577237876,0.330705406026,0.327983510609,0.325444015169,0.348580216435,0.462110623537,0.402099470894,0.434473311656,-0.126396650361,0.427329964957,-0.15342787779,0.433680550476,0.0796233599929,0.430423482386,0.170908945123,0.433652930874,0.0309199399606,0.157104824293,0.442239402249,0.309567349096,-0.0217730069304,-0.309567349096,0.194022880016,0.05700962671,-0.0386886886719,0.016442470819,0.324413775847,0.158332413319,0.178656060051,0.0896503320842,-0.150046869473,-0.140162158155,0.171327512182
PrepCount,0.785233344424,0.279612126857,0.621395186556,0.63267931079,-0.215883268438,0.0458675785565,0.029694967842,0.0191781157179,0.287349385939,0.700780069195,1.0,0.619670956105,0.583127675726,0.619933753235,0.764203531231,0.774562488082,0.759749356533,0.644153259096,-0.0167314881023,0.783402891593,-0.168925664227,0.787983876,0.158848280272,0.742018414006,0.392739414561,0.788530557425,0.167475527802,0.211769406992,0.787307794556,0.40345940253,-0.00301721805619,-0.40345940253,0.384518175555,0.169977548693,-0.352934420536,-0.0876552962044,0.510456146936,-0.0770095400183,-0.103759132921,-0.113216480323,-0.0956802483843,-0.0722938665387,-0.0550245163534,-0.110773544742,-0.0169019531877,-0.0614251058658,-0.0467260342449,-0.100037700316,0.0427839426262,-0.0182711037685,0.0578986469397,-0.000741622338193,0.0161910358501,0.0110868604715,0.0679211102486,0.0305723621851,0.415045082256,0.152448658796,0.350718950288,0.356681959259,0.0282871042077,0.041081823495,0.027254915634,0.0159438899579,0.0297558669911,0.227286385659,0.361363309208,0.496113278292,0.321838095644,0.327525581264,0.340167405496,0.386274875901,0.392954108524,0.396841218817,0.331479256968,-0.0685114595476,0.543901697405,-0.0719782244154,0.41451641588,0.104922291666,0.393030082791,0.209251823252,0.414978131462,0.119121923157,0.202211295958,0.417990539543,0.312108368034,-0.00258225064453,-0.312108368034,0.236735765189,0.137545830691,-0.0289011746431,0.0501863545811,0.288805387726,0.217506097346,0.231968775939,0.171744202766,-0.114808134038,-0.104442175452,0.189237714392
MorphCount,0.872816967683,0.22070709337,0.701313121629,0.706741495535,-0.176745968593,0.0516816149348,0.0439250087713,0.00699186140677,0.194018256591,0.620531558155,0.619670956105,1.0,0.605950250217,0.652666532833,0.835729685368,0.789653141099,0.752185540982,0.673740346758,-0.0842951872439,0.814643905255,-0.207652125421,0.881062292284,0.134464360778,0.791823162518,0.520605861065,0.880759203935,0.044057846424,0.205135178652,0.882095317878,0.322947112705,-0.0299261896842,-0.322947112705,0.460410971303,0.0784670508598,-0.277924785615,-0.0782753582196,0.695175552879,-0.0550205121805,-0.0865402687347,-0.00336213592269,-0.0684762337315,-0.0138964166507,0.0225500204417,0.0748432257228,0.00235706018543,0.158948430225,0.139648428278,0.130925529638,0.228454244609,0.0577696622947,0.138789827589,0.0580615781062,0.0278864957828,0.0211966008076,0.141020283402,0.064478892572,0.458692848102,0.109135167251,0.380349008269,0.389019294496,-0.0283435724573,0.0198239269043,-0.0255085864511,0.000219877599608,0.0497626980776,0.121771807539,0.318850707005,0.325160703835,0.529516105212,0.3319584791,0.350156387649,0.439971860724,0.401132339978,0.387019662187,0.350880263975,-0.0934450757495,0.533454807168,-0.0817032682824,0.462439185287,0.0791751181382,0.41331740324,0.29260366543,0.462312707239,0.0215564630744,0.169263689812,0.471288473124,0.27509195769,-0.0447354209273,-0.275091957689,0.269044944036,0.0339346500461,-0.0249096564135,0.026875524122,0.402746533572,0.185645383366,0.200429553927,0.170515180438,-0.114582939055,-0.110222162179,0.146861267333
OptionalCount,0.658867553686,0.156900256248,0.471629755977,0.472177866874,-0.0945856122089,0.0319804867704,0.0302010822602,0.00598456991279,0.246606947509,0.587546596563,0.583127675726,0.605950250217,1.0,0.449650974512,0.535133497416,0.781245130482,0.674302316432,0.719793101268,-0.118949615694,0.566658214917,-0.211384294984,0.671789283457,0.133713790191,0.633329170893,0.333121812323,0.672219093605,0.0472622963835,0.174936753699,0.671658147454,0.173527473927,-0.0182159796368,-0.173527473927,0.332682310291,0.0767305704963,-0.14849877388,-0.0408920181983,0.472799810206,-0.121970955621,-0.108777055297,-0.140184955082,-0.0902495959721,-0.0722351137892,-0.0706591052834,-0.0604808691649,-0.0126552039039,-0.0208093365531,-0.0183756518012,-0.0421650325799,0.117491436362,-0.0296571141843,0.164563682647,0.049473553381,0.0473784424759,0.027441824935,0.0743219423451,0.03944402996,0.378111432177,0.0996649239098,0.293894983124,0.296688601984,0.0202833841071,0.0233490473555,-0.00122747199171,0.0161428379675,0.0268202104891,0.213383487967,0.327539573497,0.335841047104,0.345098760752,0.536625492581,0.280146784022,0.295317074292,0.422302251502,0.389724555229,0.381651050619,-0.125544141165,0.374443415163,-0.132528757954,0.381808442158,0.098946747104,0.36172412129,0.193560825587,0.382272742336,0.0516920707365,0.158909057965,0.387793303195,0.155732834545,-0.0274723954238,-0.155732834545,0.21779646169,0.0938693679838,0.00331638700358,0.0736911466226,0.287033364997,0.115846695109,0.11860598857,0.126454738378,-0.0319230882679,-0.0224677086515,0.064658228954
InterfaceErrorCount,0.828587473063,0.258695400538,0.637356162232,0.6395991598,-0.13615898635,0.0131047417037,-0.0101147320866,-0.02694891043,0.340804475918,0.560813413873,0.619933753235,0.652666532833,0.449650974512,1.0,0.690789689077,0.598814249003,0.615735542423,0.476381529056,-0.119887522839,0.673693474054,-0.259079452297,0.763518728762,0.239937145118,0.69420723082,0.440134067051,0.765871318113,0.228707801796,0.284484673969,0.757903806143,0.337880190997,-0.0124796649868,-0.337880190997,0.467575115595,0.274637320604,-0.290108153235,-0.016644858699,0.525013431442,-0.0692404687099,-0.111473586995,-0.0999790674737,-0.0959444548904,-0.0330787079077,-0.0351654037138,-0.0214750452845,0.00908544854218,-0.014876303818,-0.00566518963525,-0.0168546771896,0.0535777790773,-0.00575669181825,0.0557194275616,0.047834943015,0.0306958838817,-0.00698246574885,0.123158463753,0.0171881981937,0.401557758114,0.115913180572,0.314252542392,0.31803788475,0.0224967918649,-0.00601159491777,-0.015741875721,-0.0379557699192,0.00506308751561,0.223041343812,0.250642857484,0.278689522413,0.301122092961,0.214901633084,0.534000896542,0.312343215243,0.267305758324,0.279022044103,0.219214636601,-0.153478375026,0.467756725125,-0.147016837794,0.361852890278,0.146227312911,0.332198958997,0.211668215953,0.36318136574,0.144220158949,0.173388277155,0.366177291446,0.26962751772,-0.0138367020681,-0.26962751772,0.286973582125,0.162935663008,-0.0552022233119,0.0820380066116,0.277681562886,0.245429645919,0.252874846172,0.192667267801,-0.0520054158108,-0.0450793484527,0.236103750028
RightApp,0.859597803422,0.238286916335,0.734457199762,0.749636467738,-0.271212186486,0.0516556782726,0.0291426242301,0.00915178103336,0.166196183091,0.652463481872,0.764203531231,0.835729685368,0.535133497416,0.690789689077,1.0,0.645497035968,0.658947039651,0.517168740084,0.123427164584,0.950390909519,-0.00220389675348,0.861781447317,0.127140594657,0.753882593436,0.554636740444,0.861392148906,0.0795191871937,0.143329825248,0.867628422475,0.503224740137,-0.032061643224,-0.503224740137,0.449116855951,0.0788263693233,-0.43376241342,-0.118865954317,0.673445509662,0.053843459019,-0.0112237975056,0.102911947461,-0.0154456889304,0.0526786312791,0.105450522105,0.0854849898312,0.0460331773192,0.131183887537,0.13493951475,0.142638147887,0.116517268878,0.0375073717426,0.102958552609,0.0819627406707,0.0542662714648,0.0472094044188,0.145843957943,0.0419957009445,0.436147125078,0.0993011893683,0.399735226537,0.41056711016,-0.0231157574254,0.0331429254767,-0.00459308168513,0.000962715698652,0.0370947903047,0.100317086623,0.317706173828,0.371602760878,0.428806585985,0.275011840017,0.351204003619,0.511220509059,0.311493578752,0.332396661815,0.250439466043,0.0568133576003,0.663888517909,0.0926347683425,0.437872845563,0.0636125845499,0.382685241141,0.297546321742,0.437560728496,0.0410513737629,0.15063246848,0.447015983191,0.396260889761,-0.0471532380267,-0.396260889761,0.264452196024,0.0281470086459,-0.0492087231058,-0.00314533565729,0.384831332911,0.260909566628,0.288027225136,0.174090309175,-0.196051612056,-0.191541670184,0.275331490082
WrongApp,0.851448686409,0.232717730178,0.599083216487,0.603243756561,-0.153562857944,0.033249102046,0.0234617264946,0.00608318885579,0.270190961639,0.881990794951,0.774562488082,0.789653141099,0.781245130482,0.598814249003,0.645497035968,1.0,0.861805747407,0.922336211337,-0.20624575651,0.678427694803,-0.374101744626,0.865545218668,0.165978257201,0.84458243881,0.365519519126,0.865965468909,0.0828622453003,0.209709062801,0.866589159699,0.280184437589,-0.015091306086,-0.280184437589,0.400830166828,0.125096368801,-0.242395239799,-0.06357525421,0.599272940152,-0.184024701555,-0.167845475279,-0.183839406282,-0.139201485295,-0.107121831681,-0.1060407699,-0.0881748730965,-0.0211552529654,-0.0171761167295,-0.0324083772026,-0.0782949848674,0.172989422867,-0.00722708185906,0.140021882481,0.000608843877193,0.00301856875745,-0.00133692650422,0.0569382013908,0.0395917108331,0.473842779966,0.153896338924,0.348674619349,0.353503016229,0.0120455795506,0.0151770560883,0.00188391728612,-0.00523296892809,0.0546865998424,0.220180979711,0.479858882855,0.427533952621,0.430636629515,0.442762776238,0.356330368149,0.348679933483,0.530424967437,0.473808971563,0.490219997757,-0.207391063768,0.430076281775,-0.237804276198,0.478039286828,0.111004471638,0.465852433032,0.210326720778,0.478402432382,0.0596165076238,0.202928248066,0.48490405387,0.238007583685,-0.0174673637396,-0.238007583684,0.240810068219,0.103875960425,-0.015214441629,0.0609671867958,0.35046854986,0.144261964311,0.15341537233,0.137224224708,-0.0788055297843,-0.0679741373844,0.0970970195312
WrongSemanticsApp,0.818669946217,0.276480644385,0.707102658658,0.711437504923,-0.167199515873,0.0679058751854,0.0667942824621,0.0328596720362,0.295378094015,0.724909558663,0.759749356533,0.752185540982,0.674302316432,0.615735542423,0.658947039651,0.861805747407,1.0,0.598883645675,-0.203922128157,0.679297298668,-0.377241036653,0.825774581867,0.150839286071,0.779583865818,0.406334881195,0.826016323571,0.110553627925,0.252596246191,0.82208892588,0.30237457777,-0.00860019991491,-0.30237457777,0.477544412515,0.153315611041,-0.264562140559,-0.0667388978105,0.520658237508,-0.15786329903,-0.161863425665,-0.172446437732,-0.136934590658,-0.11294068166,-0.0911236947203,-0.0836621847664,-0.0298570712846,-0.0309457759995,-0.0436048605657,-0.0768741115892,0.0793743929483,-0.0127750159976,0.0649106815951,0.0012159896424,0.0147447172581,0.000703235673157,0.0666762350647,0.0345286887085,0.428138093893,0.151045691455,0.39627845739,0.401205277015,0.0344869442639,0.0505469089088,0.0228546555013,0.0368809668891,0.0236000879506,0.236915323381,0.375424400036,0.395536916598,0.386158837047,0.368318327329,0.33528709044,0.331578735965,0.437563893578,0.530049769029,0.308152157413,-0.203198222039,0.420534830468,-0.226397842268,0.42994030335,0.102437907474,0.407901485348,0.216136361955,0.430310990037,0.0862968274444,0.199608409077,0.434445453231,0.252789706227,-0.0129312955464,-0.252789706227,0.286464568079,0.119699342819,-0.0255160849455,0.0595504820688,0.293359244682,0.199343788272,0.203896935797,0.193521906305,-0.0471711116336,-0.0383958674979,0.135612631332
WrongSyntaxApp,0.720659708137,0.156809607265,0.407207386855,0.410474048915,-0.115083420854,0.000766985070534,-0.0138387228315,-0.0154265819831,0.201577824211,0.84030193298,0.644153259096,0.673740346758,0.719793101268,0.476381529056,0.517168740084,0.922336211337,0.598883645675,1.0,-0.170286602777,0.553658396152,-0.303274802114,0.737503587038,0.147147433945,0.739592943846,0.267562848086,0.737982938268,0.0466101203567,0.138677073567,0.741959321617,0.212026117908,-0.0172751991515,-0.212026117908,0.269068077701,0.0807161284336,-0.181167517684,-0.0495353343428,0.549530741963,-0.17028891038,-0.141697801948,-0.158887674701,-0.115463730855,-0.0830932012508,-0.0980054678146,-0.0754823055068,-0.0106566572627,-0.00354501491373,-0.0179509045036,-0.06505458938,0.212655069956,-0.00167887715443,0.171623114025,3.49736158212e-05,-0.00646600706759,-0.00264644951493,0.0391043843161,0.0362058276668,0.421976743329,0.127915082433,0.248628324474,0.252498474354,-0.00725263853618,-0.0145422731608,-0.0144351484688,-0.036355926316,0.0683627243157,0.167155224891,0.471629654817,0.373697547017,0.38573984302,0.418474781132,0.307175442344,0.297921650477,0.504129498438,0.344292268578,0.53923249679,-0.1726462665,0.358669285035,-0.202990841101,0.427229423401,0.0972236499982,0.424776670542,0.167425515208,0.427520393166,0.0283869733437,0.168334838695,0.434635832922,0.183207855126,-0.017727349363,-0.183207855126,0.161980675725,0.0728201665879,-0.00458395214782,0.0508934436757,0.32985919822,0.0759131624852,0.0868963522002,0.0692366802692,-0.0884868706619,-0.0780706299143,0.049995539539
PrightAppRatio,-0.165658273585,-0.0275482299294,-0.129088570728,-0.09734237832,-0.286615527667,-0.0526033955435,-0.0386257365711,0.0459661002452,-0.116187288324,-0.0972385106444,-0.0167314881023,-0.0842951872439,-0.118949615694,-0.119887522839,0.123427164584,-0.20624575651,-0.203922128157,-0.170286602777,1.0,0.10475736978,0.741946562075,-0.162066306531,-0.0576927534736,-0.173746773666,-0.0353259197179,-0.162708991307,-0.0668710883659,-0.247254434277,-0.144942959544,0.262484297019,0.0389869546741,-0.262484297019,-0.186079165637,-0.0918610045314,-0.299891410717,-0.114582721542,-0.102294923756,0.234346595309,0.202263353267,0.230041519434,0.183826468007,0.129276547553,0.131552955509,0.110610720541,0.0289095476259,0.0687483969395,0.0880992404455,0.138534064994,-0.106633979847,0.0123201336035,-0.0487521559642,0.0300007677299,0.0275639516396,-0.017699612108,0.00346862945506,-0.0252447532026,-0.120991519812,-0.0445094929454,-0.0684694795677,-0.0579186743501,-0.10430104453,0.00147939570172,-0.0193537057504,0.0246679732652,-0.00672140404011,-0.113052065885,-0.0950225276105,-0.0492409526547,-0.0647314007084,-0.0948632649339,-0.102376565907,0.0596207361847,-0.150647498291,-0.136124073157,-0.1381526791,0.642053786977,0.0639296993322,0.525631966633,-0.116827129174,-0.0734581112718,-0.118945924938,-0.0412451300231,-0.117700621684,-0.0437140482771,-0.09052688024,-0.115226750968,0.129143511725,0.0183559245173,-0.129143511725,-0.155947108223,-0.0824654436535,-0.0583083068668,-0.0745844924188,-0.0678291870832,-0.0506189800629,-0.0202071914682,-0.14039074571,-0.212473771417,-0.216205517327,0.0732504892846
RrightAppRatio,0.845292854751,0.261530114317,0.710858595667,0.724775968408,-0.255195115852,0.0596156563388,0.041631869774,0.0223145868494,0.205564966191,0.657356645059,0.783402891593,0.814643905255,0.566658214917,0.673693474054,0.950390909519,0.678427694803,0.679297298668,0.553658396152,0.10475736978,1.0,-0.0112591575319,0.847964255453,0.144272969067,0.747850327718,0.53337969171,0.847987451836,0.109835058438,0.188671828513,0.850033619503,0.471860744384,-0.0195140207836,-0.471860744384,0.43413274041,0.116940569148,-0.410927394178,-0.109558900382,0.653193478652,-0.0291126474736,-0.0494154433963,0.00947540518667,-0.0654465860416,-0.00125748892004,0.016733413767,0.0131807514152,0.0323561232583,0.0701092184785,0.0689179438829,0.0604961372071,0.111279883228,0.0181155366369,0.114708326976,0.0738494143501,0.0540919394165,0.0320967125397,0.142351892738,0.0451415619937,0.47446667902,0.140136394989,0.432399840861,0.441097388531,0.0116481459177,0.0482921711491,0.0111959907055,0.022725421742,0.0525278875022,0.169619094702,0.36018349605,0.42288013083,0.453002214874,0.321918511101,0.388489798472,0.52602036573,0.365358162256,0.382580460983,0.29879089742,0.0239553687748,0.675800819488,0.0569748329216,0.474902007968,0.0861353611863,0.423915798467,0.302028411573,0.474853872663,0.0868055825663,0.208672773556,0.480579904186,0.369716948611,-0.0286544387932,-0.36971694861,0.274283696305,0.0883957246675,-0.0400766424501,0.0253419664868,0.395453393622,0.201517407114,0.224079333189,0.152200411438,-0.175643364215,-0.163896104214,0.18577608329
F1Score,-0.335824985987,-0.123805074816,-0.265999444129,-0.259176943783,-0.00298108011959,-0.0211937775695,-0.0318770111293,0.0259841822351,-0.139332568768,-0.277453119617,-0.168925664227,-0.207652125421,-0.211384294984,-0.259079452297,-0.00220389675348,-0.374101744626,-0.377241036653,-0.303274802114,0.741946562075,-0.0112591575319,1.0,-0.333154866329,-0.0927426489773,-0.355157970755,-0.0756519358557,-0.333928124306,-0.0683316898817,-0.166798095205,-0.326775224413,0.0105194646584,-0.00878735374378,-0.0105194646584,-0.321492208787,-0.104531642793,-0.00492527400139,-0.0158888256322,-0.195537865574,0.286630754037,0.251773503369,0.292396880914,0.21280916548,0.166829764347,0.19036326737,0.147820188657,0.045939276792,0.103084178274,0.12025376523,0.18749903566,-0.120976550333,0.0119229876082,-0.0426157199301,0.0565170380068,0.030546682776,-0.0196258613565,0.0125296711712,-0.0303049543044,-0.2348637008,-0.116411356039,-0.15346934677,-0.15270520567,-0.0165212489394,0.0222701413695,0.00830454423289,0.0306278425776,-0.0543028832887,-0.135750478279,-0.205298045988,-0.135932386916,-0.149538519473,-0.165849416175,-0.195362659125,-0.0139275863843,-0.257878971299,-0.243261215513,-0.22940724797,0.572569539779,0.00922817569956,0.670273751751,-0.230886093307,-0.1043047861,-0.237877003409,-0.0727803174662,-0.231920103653,-0.0411292301822,-0.138165359539,-0.231079876799,-0.0370129574451,-0.0140124735297,0.0370129574447,-0.248212294685,-0.0812243196496,0.0102639363728,-0.0608779022268,-0.131758228789,-0.0658338678226,-0.0541309078144,-0.112578520506,-0.0719064339706,-0.0817674841913,0.0230414123536
FDActionCount,0.993908165798,0.303182296472,0.790514141569,0.795391390754,-0.188027302961,0.0403626901894,0.0241483382295,-0.0071718637251,0.264062167586,0.794992407189,0.787983876,0.881062292284,0.671789283457,0.763518728762,0.861781447317,0.865545218668,0.825774581867,0.737503587038,-0.162066306531,0.847964255453,-0.333154866329,1.0,0.158519033292,0.924052088921,0.535075855374,0.999781085124,0.104303209582,0.287619331114,0.996586024884,0.365695497239,-0.00841267793361,-0.365695497239,0.647855981859,0.140089762002,-0.306853901153,-0.0624769217879,0.729358500482,-0.0941804417764,-0.123497999223,-0.0783588800156,-0.110504252883,-0.0351515491892,-0.0343526566016,-0.0251241635918,0.00377700916019,0.0380299661094,0.03593432552,0.0103587757024,0.158847086125,0.0139086176284,0.100142181565,0.0330406504382,0.026407106021,0.0295908224107,0.117517973744,0.056304672558,0.503826980216,0.150598617333,0.420780208004,0.427696851864,0.00868967582778,0.0159100962135,-0.00307066190159,-0.0118743617136,0.0319089400897,0.188815221327,0.387624757502,0.388776410023,0.444613447334,0.349434405123,0.401248020921,0.426806711416,0.419973138592,0.415272570178,0.36039426162,-0.175842992638,0.560794426751,-0.181699612853,0.504762907779,0.101719989523,0.464625488615,0.28743900952,0.504883983355,0.0672948832611,0.211287591408,0.512033800755,0.303571895005,-0.0193156980819,-0.303571895004,0.393751243243,0.0913549465927,-0.0270203550989,0.0490260197626,0.409354111822,0.231527092652,0.243537456567,0.196697457199,-0.0934258242699,-0.0847793057106,0.191725310444
BDActionCount,0.195341288841,0.164650871745,0.115588625756,0.116430173568,-0.0366540442166,0.020941676348,0.0237290178385,0.0151182131549,0.0959635198987,0.142012710735,0.158848280272,0.134464360778,0.133713790191,0.239937145118,0.127140594657,0.165978257201,0.150839286071,0.147147433945,-0.0576927534736,0.144272969067,-0.0927426489773,0.158519033292,1.0,0.172732929517,0.0800161852498,0.179143012644,0.106051023959,0.161239105433,0.169131855745,0.0528087982201,0.0252951093194,-0.0528087982201,0.161063025965,0.160568828039,-0.0579737632371,-0.00978880602578,0.100064096759,-0.0390264428399,-0.0461520384003,-0.0867132500199,-0.0463280575171,-0.0390750296641,-0.0445617901932,-0.043575403884,-0.00777340463588,-0.020187353364,-0.0354293311401,-0.0311063860539,-0.0134448127251,-0.012147259144,-0.0216374455106,-0.00715635412252,0.00264436877377,-0.00142677495191,0.0351881006962,-0.00298790589439,0.0997317205504,0.0787149490814,0.0580716343825,0.0592121939512,-0.00763312758823,0.0211177055775,-0.00233380997259,0.0218728602028,-0.00890256994837,0.0688357606747,0.062730144261,0.0757576076963,0.0558708124723,0.0645535977432,0.131856519609,0.0539178952023,0.0729128340352,0.0782726943146,0.0582987012241,-0.068392960172,0.0967573467125,-0.07161971601,0.0813230554092,0.529463558241,0.093518163092,0.0254121436342,0.0900331157795,0.0577634085284,0.0707419795016,0.087990781103,0.0456593421496,0.0157859637641,-0.0456593421496,0.134300256932,0.0868770026904,-0.0201269961101,0.0231243253364,0.0557496518827,0.0344719746244,0.0324150544265,0.0364512597747,0.0131308910539,0.0200146817605,0.0253317423827
DirectProofActionCount,0.916771480204,0.324355429138,0.724070048659,0.72933279857,-0.184130195447,0.0449336828689,0.0308611532202,0.00298568533876,0.267396930109,0.78838487631,0.742018414006,0.791823162518,0.633329170893,0.69420723082,0.753882593436,0.84458243881,0.779583865818,0.739592943846,-0.173746773666,0.747850327718,-0.355157970755,0.924052088921,0.172732929517,1.0,0.172155771017,0.924406134024,0.103307279534,0.255290845314,0.922367785394,0.36274378512,0.00600748336815,-0.36274378512,0.614591868232,0.142180987091,-0.301802668236,-0.0564773099933,0.711840895015,-0.0997152832713,-0.132964805945,-0.122246283515,-0.103423397621,-0.0155128564757,-0.0622103013618,-0.0248230814752,0.0182113827899,-0.00948288997393,0.00111977172017,-0.00811588919705,0.160148203859,0.0125942041997,0.0732367594593,0.0233042988252,0.0294676280455,0.0402849382727,0.0745523708634,0.00990283364504,0.453533880929,0.167336653794,0.372751740008,0.3785697442,0.013396213727,0.024052624124,0.00184302354859,-0.000877362827361,0.0331374463514,0.199485439216,0.380047116307,0.35642809537,0.375348460712,0.315673586509,0.366209916581,0.354087753334,0.396881534586,0.377193756952,0.351120389413,-0.191629746706,0.483109442122,-0.211503791547,0.453208614809,0.115713250705,0.499732097922,0.0591440473953,0.453730319025,0.0689696135447,0.191170839745,0.460026267116,0.296001458097,-8.35296768976e-05,-0.296001458097,0.37296320959,0.104209198657,-0.0428934363577,0.0594097720061,0.386787806302,0.217518729567,0.227395788015,0.187265764504,-0.0806378246984,-0.0696570732968,0.171092622057
